#	ZT0	ZT2	ZT4	ZT6	ZT8	ZT10	ZT12	ZT14	ZT16	ZT18	ZT20	ZT22	ZT24	ZT26	ZT28	ZT30	ZT32	ZT34	ZT36	ZT38	ZT40	ZT42	ZT44	ZT46
cyc_peak0	11.3473	11.1095	10.5838	9.9681	9.5737	9.1546	8.8802	8.9417	9.2163	9.8318	10.3492	11.1096	11.3248	11.0832	10.1089	9.9778	9.2605	9.0289	8.5591	8.659	9.571	10.0474	10.7564	11.0073
cyc_peak6	10.0596	10.3685	11.0215	11.3027	10.7309	10.5836	9.784	9.3512	8.885	8.9806	8.8859	9.4584	10.0506	10.5266	10.9536	11.2643	10.9084	10.5993	10.0743	9.6959	8.7812	8.8196	9.0101	9.5002
cyc_peak12	8.8958	9.2518	9.3168	9.8851	10.503	10.8851	11.0979	10.8242	10.7343	9.9641	9.5501	8.9559	9.0389	9.0898	9.4808	10.0263	10.8469	11.0199	10.9007	11.1464	10.6738	9.6822	9.5697	8.7795
cyc_peak18	10.0444	9.4113	8.9902	8.7531	9.174	9.5025	9.8442	10.6024	10.8527	11.3488	11.1688	10.3367	10.0223	9.5665	8.9334	8.7617	8.9231	9.5225	9.8159	10.5218	10.9335	11.3031	11.1214	10.2901
weak_peak8	9.4503	9.6462	10.1911	10.6919	11.0626	10.4784	10.5129	10.0377	9.4204	9.7659	9.5401	10	9.6315	9.6587	9.812	10.6839	10.1897	10.3377	10.0125	9.4509	10.3714	9.8126	9.5206	9.9257
spike_peak10	9.9658	9.9674	9.8791	10.3051	10.8968	11.5043	10.8425	10.1709	9.9893	10.0946	9.86	10.0237	9.9081	10.0222	10.3283	10.2082	10.8234	11.5792	11.0525	10.2897	10.1574	9.8297	9.8861	10.2652
flat_A	10.2592	10.2194	10.5205	10.0415	10.2616	10.3151	9.6588	9.9869	10.7181	10.3733	9.7698	9.1145	10.0988	9.9083	9.7862	10.0877	10.5217	9.9992	9.9987	10.4686	9.8858	9.8101	10.0411	9.4824
flat_B	10.3669	10.6588	9.8894	10.2778	9.8532	10.0623	10.1194	10.3468	10.3726	10.0498	10.2146	9.8865	10.2086	10.0764	10.201	9.8005	9.8874	10.2257	10.299	9.8919	9.799	10.1435	9.8234	9.6864
trend_up	10.1111	10.3131	10.4575	10.4167	10.6528	10.5977	11.0593	10.3374	10.8004	10.9951	10.8445	11.1411	11.4045	11.098	11.2496	11.5288	11.7761	11.7863	11.6618	12.0119	11.8872	11.5515	12.3285	12.3798
